497 536    536
1033 1072  465
1498 1537  536
2034 2073  465
2499 2538  536
3035 3074  465
3500 3539  536
4036 4075  465
4501 4540  536
5037 5076  465
5502 5541  536
6038 6077  465
6503 6542  536
7039 7078  465
7504 7543  536
8040 8079  465
8505 8544  536
9041 9080  536
9577 9616  465
10042 10081  536
10578 10617  465
11043 11082  536
11579 11618  465
12044 12083  536
12580 12619  465
13045 13084  536
13581 13620  465
14046 14085  536
14582 14621  465
15047 15086  536
15583 15622  465
16048 16087  536
16584 16623  

